   0.0000000E+00  -0.8000000
   0.6000000  -0.3400000
   1.5000000   0.5900000
   1.7000000   0.5900000
   1.9000000   0.2300000
   2.0999999   0.1000000
   2.3000000   0.2800000
   2.5999999   1.0300000
   2.8000000   1.5000000
   3.0000000   1.4400001
   3.5999999   0.7400000
   4.6999998  -0.8200000
   5.1999998  -1.2700000
   5.6999998  -0.9200000
   5.8000002  -0.9200000
   6.0000000  -1.0400000
   6.4000001  -0.7900000
   6.9000001  -5.9999999E-02
   7.5999999   1.0000000
   8.0000000   0.0000000E+00
